# Fix print output for fix mymsdfile
600 0.425 7.86898539385551
700 0.925 7.85067521639201
800 1.425 7.68517356789379
900 1.925 7.49961334057213
1000 2.425 7.34277478987969
1100 2.925 7.24066639470735
1200 3.425 7.2050519999291
1300 3.925 7.3100326853409
1400 4.425 7.42381104283764
1500 4.925 7.54123515450091
1600 5.425 7.65937004105064
1700 5.925 7.73011022062457
1800 6.425 7.79383560585394
1900 6.925 7.80965302197578
2000 7.425 7.88180083298182
2100 7.925 8.06882576838242
2200 8.425 8.19271658441386
2300 8.925 8.19183631124196
2400 9.425 8.20056773096143
2500 9.925 8.13522597454905
2600 10.425 8.24094109056678
2700 10.925 8.2995344034993
2800 11.425 8.45514314050618
2900 11.925 8.59223169944918
3000 12.425 8.60896687637716
3100 12.925 8.63647339003466
3200 13.425 8.6263571528328
3300 13.925 8.5490786991759
3400 14.425 8.50068582130787
3500 14.925 8.5219999378328
3600 15.425 8.46163972049978
3700 15.925 8.50924428317141
3800 16.425 8.6034550621032
3900 16.925 8.70740470093582
4000 17.425 8.7029109129445
4100 17.925 8.57324014787816
4200 18.425 8.42303150965156
4300 18.925 8.40346620959989
4400 19.425 8.39273747354819
4500 19.925 8.2911567205472
4600 20.425 8.28490901134977
4700 20.925 8.35958154934742
4800 21.425 8.4373364278524
4900 21.925 8.42446594488814
5000 22.425 8.32721300199196
5100 22.925 8.25685467047201
5200 23.425 8.30452686611574
5300 23.925 8.34588176117172
5400 24.425 8.2264567699667
5500 24.925 8.17019906243336
5600 25.425 8.08911293951354
5700 25.925 8.12843712007783
5800 26.425 8.15632227733453
5900 26.925 8.2201853602021
6000 27.425 8.3516434573876
6100 27.925 8.44636570559608
6200 28.425 8.39690900545659
6300 28.925 8.39856684110813
6400 29.425 8.33855316087952
6500 29.925 8.26480503331412
6600 30.425 8.22709420676211
6700 30.925 8.26811115838212
6800 31.425 8.32314899253737
6900 31.925 8.40269705903689
7000 32.425 8.41491398446116
7100 32.925 8.37638298992093
7200 33.425 8.25627965978587
7300 33.925 8.18612549630576
7400 34.425 8.16522311787092
7500 34.925 8.18866730482754
7600 35.425 8.08304454041219
7700 35.925 7.99298983581038
7800 36.425 7.99076623674209
7900 36.925 8.01560511297333
8000 37.425 7.97165188002383
8100 37.925 7.8530111137007
8200 38.425 7.76217074342209
8300 38.925 7.49031357957337
8400 39.425 7.2787720999377
8500 39.925 7.10786674731154
8600 40.425 7.09039162229612
8700 40.925 7.17717503260961
8800 41.425 7.25737545616005
8900 41.925 7.25632565188991
9000 42.425 7.3693209341214
9100 42.925 7.5229043765789
9200 43.425 7.67355344035031
9300 43.925 7.74198624911316
9400 44.425 7.71553058567023
9500 44.925 7.68689070219974
9600 45.425 7.75990391752104
9700 45.925 7.72663895122304
9800 46.425 7.62565314615772
9900 46.925 7.71272612959135
10000 47.425 7.79891457124623
10100 47.925 7.87937206685274
10200 48.425 7.93545272664032
10300 48.925 7.82552016667004
10400 49.425 7.7933135100872
10500 49.925 7.65621576618356
10600 50.425 7.62139738146133
10700 50.925 7.60977422243371
10800 51.425 7.61815534328041
10900 51.925 7.74772271922067
11000 52.425 7.82876600973598
11100 52.925 7.7436576274595
11200 53.425 7.72053731822917
11300 53.925 7.74461028596756
11400 54.425 7.70351344128405
11500 54.925 7.7547928162772
11600 55.425 7.86582784362076
11700 55.925 8.02414319661318
11800 56.425 8.23693295083514
11900 56.925 8.37603732585492
12000 57.425 8.35148229785564
12100 57.925 8.34112365784076
12200 58.425 8.20815022428722
12300 58.925 8.13485365522976
12400 59.425 8.11456526854105
12500 59.925 8.10953987754982
12600 60.425 8.08272913929438
12700 60.925 8.15589440719054
12800 61.425 8.25056618232058
12900 61.925 8.28419819264509
13000 62.425 8.245300625287
13100 62.925 8.18497709865682
13200 63.425 8.10028014060222
13300 63.925 8.14619400183137
13400 64.425 8.18971635795467
13500 64.925 8.18598106084389
13600 65.425 8.15951074533934
13700 65.925 8.19024114385684
13800 66.425 8.36566826047074
13900 66.925 8.53023269842796
14000 67.425 8.61089150833758
14100 67.925 8.56334925988913
14200 68.425 8.39330574736024
14300 68.925 8.1118782823759
14400 69.425 7.94923505345916
14500 69.925 7.90829338722954
14600 70.425 7.81334232416455
14700 70.925 7.6113029315022
14800 71.425 7.60165180787659
14900 71.925 7.65780547912372
15000 72.425 7.76995415005583
15100 72.925 7.89553719753259
15200 73.425 7.9344216639435
15300 73.925 7.90528001958951
15400 74.425 7.77885871465016
15500 74.925 7.71714535100159
15600 75.425 7.76349472396754
15700 75.925 7.87258598674689
15800 76.425 8.06538495410407
15900 76.925 8.25621654184967
16000 77.425 8.41659814143011
16100 77.925 8.45236045416453
16200 78.425 8.50427276413458
16300 78.925 8.58926412316259
16400 79.425 8.63890180066677
16500 79.925 8.62077349285526
16600 80.425 8.51154019691987
16700 80.925 8.40197765336555
16800 81.425 8.22901946185598
16900 81.925 8.20182190452065
17000 82.425 8.30417386164161
17100 82.925 8.36149261685197
17200 83.425 8.42941270793323
17300 83.925 8.53259197311894
17400 84.425 8.53216566568313
17500 84.925 8.44099086945653
17600 85.425 8.32930753303847
17700 85.925 8.2991873696716
17800 86.425 8.40396599127408
17900 86.925 8.44534388617338
18000 87.425 8.31045638495194
18100 87.925 8.11663088251315
18200 88.425 8.1117211954419
18300 88.925 8.15838145745289
18400 89.425 8.1787523427741
18500 89.925 8.24955653637643
18600 90.425 8.23130462556645
18700 90.925 8.26965220141764
18800 91.425 8.31472769011135
18900 91.925 8.21896151090334
19000 92.425 8.11772883698856
19100 92.925 8.01017217277164
19200 93.425 7.96622438415625
19300 93.925 8.00878835687107
19400 94.425 7.93708738439899
19500 94.925 7.79657727353551
19600 95.425 7.73286472268182
19700 95.925 7.74423859581391
19800 96.425 7.87981428824076
19900 96.925 7.96028735936976
20000 97.425 8.10851458118568
20100 97.925 8.18565249482181
20200 98.425 8.16042433415492
20300 98.925 8.040694966225
20400 99.425 7.86650095174427
20500 99.925 7.74562112948656
20600 100.425 7.68178112598755
20700 100.925 7.68853337614131
20800 101.425 7.68567884500379
20900 101.925 7.63394005447334
21000 102.425 7.62330709330962
21100 102.925 7.48852693412246
21200 103.425 7.31760721353212
21300 103.925 7.2306162114925
21400 104.425 7.30031389036381
21500 104.925 7.37556754187796
21600 105.425 7.33300359298317
21700 105.925 7.26012053131266
21800 106.425 7.13399497410595
21900 106.925 7.11638971636862
22000 107.425 7.24595281497812
22100 107.925 7.33094832263
22200 108.425 7.1555634872067
22300 108.925 6.98545850192558
22400 109.425 6.86255082936125
22500 109.925 6.96650533043548
22600 110.425 7.12201196031237
22700 110.925 7.30699986462968
22800 111.425 7.53318606842124
22900 111.925 7.63073557310882
23000 112.425 7.73268989214595
23100 112.925 7.77822945877482
23200 113.425 7.83748773631731
23300 113.925 7.91591737184167
23400 114.425 7.91219521510791
23500 114.925 7.80222648495993
23600 115.425 7.70714062985336
23700 115.925 7.75294802585536
23800 116.425 7.80312969685215
23900 116.925 7.861440003952
24000 117.425 7.94313363137658
24100 117.925 7.99376845138621
24200 118.425 7.95485668432789
24300 118.925 7.87386545933849
24400 119.425 7.62950877971628
24500 119.925 7.49140832720428
24600 120.425 7.49988250898336
24700 120.925 7.62582304493866
24800 121.425 7.75810619582353
24900 121.925 7.83110497253371
25000 122.425 7.9013114564777
25100 122.925 7.87515528180021
25200 123.425 7.81762889138489
25300 123.925 7.89210194597906
25400 124.425 7.92591774878586
25500 124.925 7.98473092983009
25600 125.425 7.97171884719389
25700 125.925 8.03421802462656
25800 126.425 8.25905538296104
25900 126.925 8.48108336246518
26000 127.425 8.5317762391679
26100 127.925 8.45830560290402
26200 128.425 8.3702470795968
26300 128.925 8.29351979152384
26400 129.425 8.33931087517868
26500 129.925 8.3893802234733
26600 130.425 8.38121936821232
26700 130.925 8.34930618699063
26800 131.425 8.2870649521519
26900 131.925 8.23627004222983
27000 132.425 8.25568218434705
27100 132.925 8.38670321498655
27200 133.425 8.4965533469713
27300 133.925 8.64398786766437
27400 134.425 8.66797997062359
27500 134.925 8.67727956272597
27600 135.425 8.66152981257192
27700 135.925 8.57770308305807
27800 136.425 8.47208678673949
27900 136.925 8.35920854970861
28000 137.425 8.38312917191224
28100 137.925 8.45193900631793
28200 138.425 8.52708162917934
28300 138.925 8.57734533979216
28400 139.425 8.53031291605502
28500 139.925 8.45445971241107
28600 140.425 8.33906916638891
28700 140.925 8.06809224058675
28800 141.425 7.86928282169638
28900 141.925 7.77183488545131
29000 142.425 7.66706080165606
29100 142.925 7.70314188456275
29200 143.425 7.77627850452207
29300 143.925 7.70838701618248
29400 144.425 7.48858297942137
29500 144.925 7.34577070479701
29600 145.425 7.35674678356749
29700 145.925 7.4134853946645
29800 146.425 7.48739745935576
29900 146.925 7.62242508310188
30000 147.425 7.77150569775484
30100 147.925 7.92033055707171
30200 148.425 7.90649200161058
30300 148.925 7.74712051199767
30400 149.425 7.61334748525892
30500 149.925 7.45431609218737
30600 150.425 7.32359606679147
30700 150.925 7.33358116422995
30800 151.425 7.3651190036551
30900 151.925 7.31566109753987
31000 152.425 7.17295395784527
31100 152.925 7.04705415029056
31200 153.425 7.04703196694635
31300 153.925 7.18672610937492
31400 154.425 7.19974403436228
31500 154.925 7.30224857600276
31600 155.425 7.38808263722596
31700 155.925 7.49608104703028
31800 156.425 7.49569770651874
31900 156.925 7.42318952623374
32000 157.425 7.40849668814204
32100 157.925 7.39698469552616
32200 158.425 7.32512587775679
32300 158.925 7.20706215434245
32400 159.425 7.27991832462872
32500 159.925 7.45937296990972
32600 160.425 7.51984206421029
32700 160.925 7.50308823209773
32800 161.425 7.56716711564258
32900 161.925 7.68605015249219
33000 162.425 7.80418415264212
33100 162.925 7.81682641654673
33200 163.425 7.98680009803063
33300 163.925 8.0719423285048
33400 164.425 7.97675511641632
33500 164.925 7.93979399350054
33600 165.425 8.10675626977481
33700 165.925 8.14062130187199
33800 166.425 8.12447604093753
33900 166.925 8.12612312805031
34000 167.425 8.1282061254945
34100 167.925 8.0855285010461
34200 168.425 7.99311201816663
34300 168.925 7.97047793630564
34400 169.425 7.89672330241063
34500 169.925 7.89614616298815
34600 170.425 7.96129457396235
34700 170.925 7.99850694495019
34800 171.425 8.0100984584667
34900 171.925 7.99202617962835
35000 172.425 7.97722450574467
35100 172.925 8.00375298652327
35200 173.425 8.03598055529245
35300 173.925 8.04289628078504
35400 174.425 8.06673679894987
35500 174.925 8.12321049904264
35600 175.425 8.15672032899779
35700 175.925 8.12455568792229
35800 176.425 8.08773836958173
35900 176.925 8.07416792946396
36000 177.425 8.03597291865522
36100 177.925 8.00759158588105
36200 178.425 8.05268294964037
36300 178.925 8.03346200673801
36400 179.425 7.92500106632675
36500 179.925 7.88188805185643
36600 180.425 7.88616047477785
36700 180.925 7.90163868794067
36800 181.425 7.8875277909531
36900 181.925 7.86603978124407
37000 182.425 7.91365719385346
37100 182.925 8.03746643059772
37200 183.425 8.15286094085991
37300 183.925 8.11249562550972
37400 184.425 8.02764985577424
37500 184.925 7.85724435829776
37600 185.425 7.75418458553846
37700 185.925 7.73620910117187
37800 186.425 7.73638845611082
37900 186.925 7.81515799485768
38000 187.425 7.93787428272849
38100 187.925 8.01543929776347
38200 188.425 8.01750256523986
38300 188.925 7.98766317829618
38400 189.425 8.0087318702132
38500 189.925 8.01027472871783
38600 190.425 7.99814856249561
38700 190.925 7.90526600043241
38800 191.425 7.79593783453578
38900 191.925 7.70524001738508
39000 192.425 7.62757047379174
39100 192.925 7.72589939100876
39200 193.425 7.93461811088407
39300 193.925 8.13857719680361
39400 194.425 8.29217112021911
39500 194.925 8.44579458882575
39600 195.425 8.5936604959678
39700 195.925 8.78557966623839
39800 196.425 8.86704555854269
39900 196.925 8.81726265483901
40000 197.425 8.71177816749826
40100 197.925 8.66245471094877
40200 198.425 8.5709524142033
40300 198.925 8.4574477502735
40400 199.425 8.41584627661895
40500 199.925 8.44918723566957
40600 200.425 8.48405023636647
40700 200.925 8.53240969234743
40800 201.425 8.54813213359644
40900 201.925 8.46453299245495
41000 202.425 8.39864486150731
41100 202.925 8.3027017910306
41200 203.425 8.25075150400899
41300 203.925 8.32362793397281
41400 204.425 8.37839697482559
41500 204.925 8.3659528878352
41600 205.425 8.16392857837612
41700 205.925 8.1485136021414
41800 206.425 8.17560047710761
41900 206.925 8.26705409846127
42000 207.425 8.32598316466854
42100 207.925 8.24978193989399
42200 208.425 8.14375259690804
42300 208.925 8.01129805000504
42400 209.425 7.90225306226234
42500 209.925 7.84725445868361
42600 210.425 7.80702400946474
42700 210.925 7.87614133625178
42800 211.425 7.98594919831697
42900 211.925 7.98646430058731
43000 212.425 7.98152669079073
43100 212.925 7.97266343441361
43200 213.425 7.96582085801992
43300 213.925 7.90416003773695
43400 214.425 7.9501549930445
43500 214.925 7.97836145989398
43600 215.425 7.97755057908853
43700 215.925 7.99118549142538
43800 216.425 8.00435187830189
43900 216.925 7.97627929502389
44000 217.425 7.84759563934585
44100 217.925 7.71785057906242
44200 218.425 7.53177759377486
44300 218.925 7.34965827351917
44400 219.425 7.35252157096455
44500 219.925 7.44463013861915
44600 220.425 7.54967223194043
44700 220.925 7.59124470426231
44800 221.425 7.6509485611082
44900 221.925 7.7912700522419
45000 222.425 7.97590523802845
45100 222.925 8.05320289786273
45200 223.425 8.05874941996423
45300 223.925 8.11692953760041
45400 224.425 8.23957366378135
45500 224.925 8.26664014560919
45600 225.425 8.23658441567915
45700 225.925 8.24637410134992
45800 226.425 8.37808066752667
45900 226.925 8.39945394028984
46000 227.425 8.37671723582684
46100 227.925 8.26015766258993
46200 228.425 8.19821448655004
46300 228.925 8.29955703835705
46400 229.425 8.29260509204711
46500 229.925 8.27827276447317
46600 230.425 8.27657586507779
46700 230.925 8.29036960243257
46800 231.425 8.31515430703505
46900 231.925 8.36484472272898
47000 232.425 8.34052924910901
47100 232.925 8.37522426793451
47200 233.425 8.45787305676246
47300 233.925 8.5658349699861
47400 234.425 8.64355429102983
47500 234.925 8.54950194588424
47600 235.425 8.51271676481246
47700 235.925 8.54712689533122
47800 236.425 8.46431480187777
47900 236.925 8.36208595924144
48000 237.425 8.34546465832766
48100 237.925 8.32693823244676
48200 238.425 8.36201015985516
48300 238.925 8.35429394214515
48400 239.425 8.3537870433228
48500 239.925 8.40393865315101
48600 240.425 8.46269131889723
48700 240.925 8.52841849363318
48800 241.425 8.51268400785036
48900 241.925 8.48355659523028
49000 242.425 8.43933168010217
49100 242.925 8.46118995261573
49200 243.425 8.42786802682081
49300 243.925 8.32216680135354
49400 244.425 8.19363756625433
49500 244.925 8.18834826517239
49600 245.425 8.28235716711154
49700 245.925 8.43287459753199
49800 246.425 8.34498208364486
49900 246.925 8.2880402254959
50000 247.425 8.19302692461084
50100 247.925 8.08046986244314
50200 248.425 8.0219872520838
50300 248.925 7.89682660740097
50400 249.425 7.68713093129983
50500 249.925 7.64104142555618
