# Fix print output for fix myfile
100 0.49 7.11153841128431
200 0.99 7.27440344231076
300 1.49 7.3896698094692
400 1.99 7.53345610037364
500 2.49 7.59855758191357
600 2.99 7.67296805611278
700 3.49 7.76578439408449
800 3.99 7.81926177059528
900 4.49 7.86217207612632
1000 4.99 7.93070605181922
1100 5.49 8.10891119673332
1200 5.99 8.19193842355111
1300 6.49 8.22654052755516
1400 6.99 8.22566760191426
1500 7.49 8.29012897451455
1600 7.99 8.22788714061704
1700 8.49 8.1076185506125
1800 8.99 8.06030069237794
1900 9.49 8.19149112878732
2000 9.99 8.35379715934234
2100 10.49 8.34666387870367
2200 10.99 8.24983500522756
2300 11.49 8.17718148622601
2400 11.99 8.18956107063281
2500 12.49 8.21878823615315
2600 12.99 8.30723938667515
2700 13.49 8.3821585530643
2800 13.99 8.52734379827215
2900 14.49 8.49976767570789
3000 14.99 8.46146184004697
3100 15.49 8.47869377998437
3200 15.99 8.5876938878705
3300 16.49 8.59337747556085
3400 16.99 8.56199514675425
3500 17.49 8.57226765607095
3600 17.99 8.60390529805026
3700 18.49 8.66391690184301
3800 18.99 8.68306792369938
3900 19.49 8.7914870220023
4000 19.99 8.79120883306579
4100 20.49 8.72015770396548
4200 20.99 8.55772878602057
4300 21.49 8.57744169400799
4400 21.99 8.65176177956994
4500 22.49 8.67635507496475
4600 22.99 8.66081007691741
4700 23.49 8.57813265291949
4800 23.99 8.40405652908175
4900 24.49 8.28142268694022
5000 24.99 8.29405974249219
5100 25.49 8.40161885170893
5200 25.99 8.43648527006749
5300 26.49 8.43890881534844
5400 26.99 8.41149000044985
5500 27.49 8.40243569765835
5600 27.99 8.37755815609117
5700 28.49 8.28701011483353
5800 28.99 8.17472993512454
5900 29.49 8.10026708780479
6000 29.99 8.05508355265012
6100 30.49 8.00204424474238
6200 30.99 7.90952709426846
6300 31.49 7.83353241373298
6400 31.99 7.8316779952833
6500 32.49 7.76779456531998
6600 32.99 7.7013862422533
6700 33.49 7.66823119024548
6800 33.99 7.84068323557977
6900 34.49 8.01077871229185
7000 34.99 8.1426435243636
7100 35.49 8.17770160941385
7200 35.99 8.03427424942765
7300 36.49 7.95896300594297
7400 36.99 7.95305227224022
7500 37.49 7.98929524904939
7600 37.99 8.09509417439012
7700 38.49 8.11800540335143
7800 38.99 8.02909247524473
7900 39.49 7.96594882325583
8000 39.99 7.94341495655284
8100 40.49 7.8802848655826
8200 40.99 7.84624166382295
8300 41.49 7.84247413544806
8400 41.99 7.8184132623428
8500 42.49 7.70723064446822
8600 42.99 7.54185330025706
8700 43.49 7.47855405954661
8800 43.99 7.60085969380536
8900 44.49 7.67466740826784
9000 44.99 7.66034847387013
9100 45.49 7.66952527459644
9200 45.99 7.75465101922474
9300 46.49 7.72900248876669
9400 46.99 7.8397329476234
9500 47.49 8.0454679800952
9600 47.99 8.221627796524
9700 48.49 8.30454065738097
9800 48.99 8.38596244699293
9900 49.49 8.49427712807098
10000 49.99 8.66670255706262
10100 50.49 8.80110796021217
10200 50.99 8.82639019062777
10300 51.49 8.79935822521395
10400 51.99 8.59484121410111
10500 52.49 8.45524211817966
10600 52.99 8.30337654855282
10700 53.49 8.14556683269799
10800 53.99 7.98792283805604
10900 54.49 7.98656121488967
11000 54.99 8.13571451292203
11100 55.49 8.2850453297767
11200 55.99 8.25884948446997
11300 56.49 8.18667553071968
11400 56.99 8.20952615643273
11500 57.49 8.15365206617237
11600 57.99 8.0433058449701
11700 58.49 8.00767943467052
11800 58.99 7.90793376242346
11900 59.49 7.81131127492679
12000 59.99 7.79899381240992
12100 60.49 7.79557032405084
12200 60.99 7.71253979966586
12300 61.49 7.75689971868625
12400 61.99 7.91326813307828
12500 62.49 7.93210045615528
12600 62.99 7.85239266156569
12700 63.49 7.78707383672813
12800 63.99 7.72666636562265
12900 64.49 7.70904635421672
13000 64.99 7.78676702504199
13100 65.49 7.80383153847938
13200 65.99 7.97262417707249
13300 66.49 8.08160002018514
13400 66.99 8.18079717425631
13500 67.49 8.09354042637983
13600 67.99 7.99112586812856
13700 68.49 7.97477882296306
13800 68.99 8.05281364474908
13900 69.49 8.03404675334006
14000 69.99 8.0244287720208
14100 70.49 7.99409426028793
14200 70.99 8.07674676939111
14300 71.49 8.15571922924925
14400 71.99 8.16766731383517
14500 72.49 8.15826254447038
14600 72.99 8.19483644502256
14700 73.49 8.24719629046802
14800 73.99 8.33827327085266
14900 74.49 8.38948274918785
15000 74.99 8.41879644707758
15100 75.49 8.36240554667187
15200 75.99 8.29300858982519
15300 76.49 8.22274222992179
15400 76.99 8.23439307014081
15500 77.49 8.37027753201895
15600 77.99 8.45463105859033
15700 78.49 8.50494396757702
15800 78.99 8.48497712179455
15900 79.49 8.53203930674939
16000 79.99 8.62120180580245
16100 80.49 8.62542371203164
16200 80.99 8.67700014312731
16300 81.49 8.64953186700006
16400 81.99 8.53744543567901
16500 82.49 8.48736786490103
16600 82.99 8.47575035005859
16700 83.49 8.43088153526744
16800 83.99 8.42391819016891
16900 84.49 8.46366837339294
17000 84.99 8.55893102835261
17100 85.49 8.50852149220781
17200 85.99 8.4741070508302
17300 86.49 8.54034871306854
17400 86.99 8.57804842376121
17500 87.49 8.71951935182889
17600 87.99 8.81119670009979
17700 88.49 8.90032390975947
17800 88.99 8.943190864328
17900 89.49 8.85258253866514
18000 89.99 8.83425596896616
18100 90.49 8.80261694345351
18200 90.99 8.8828411282887
18300 91.49 9.07477233067779
18400 91.99 9.16926824120072
18500 92.49 9.17804452969384
18600 92.99 9.12622595753568
18700 93.49 9.07531572958778
18800 93.99 9.01128850160269
18900 94.49 8.89895444381184
19000 94.99 8.79071310978563
19100 95.49 8.63837854221942
19200 95.99 8.5096649549304
19300 96.49 8.39120591217725
19400 96.99 8.33429660420368
19500 97.49 8.32734603193933
19600 97.99 8.37970281336426
19700 98.49 8.51493212982904
19800 98.99 8.58467739120587
19900 99.49 8.53582552426195
20000 99.99 8.43007900712129
20100 100.49 8.24742047895064
20200 100.99 8.11642325122701
20300 101.49 8.03258614101582
20400 101.99 7.96678450317773
20500 102.49 7.95878657115839
20600 102.99 7.87930380067633
20700 103.49 7.82644204148724
20800 103.99 7.86943911455969
20900 104.49 7.89541798459982
21000 104.99 7.95429193545504
21100 105.49 8.05064963674908
21200 105.99 8.24559637659292
21300 106.49 8.37150167697416
21400 106.99 8.42403050001962
21500 107.49 8.40898452910684
21600 107.99 8.40262175043854
21700 108.49 8.31170093737651
21800 108.99 8.12894996598695
21900 109.49 7.96885113776845
22000 109.99 7.92217660273194
22100 110.49 8.00857808209227
22200 110.99 8.09009140498392
22300 111.49 8.0456104864414
22400 111.99 7.96879878592376
22500 112.49 7.87482076265181
22600 112.99 7.69533206206214
22700 113.49 7.54908975212125
22800 113.99 7.58315306734712
22900 114.49 7.53106740079712
23000 114.99 7.45722696123504
23100 115.49 7.40781497943253
23200 115.99 7.49689943014401
23300 116.49 7.61414382304406
23400 116.99 7.69978485583038
23500 117.49 7.80042046598777
23600 117.99 7.97596674302359
23700 118.49 8.11061652225511
23800 118.99 8.21445425520858
23900 119.49 8.36744969135523
24000 119.99 8.37776620553749
24100 120.49 8.35241508236536
24200 120.99 8.31231632709016
24300 121.49 8.31853017698588
24400 121.99 8.34904140967133
24500 122.49 8.37172741807277
24600 122.99 8.30151897536186
24700 123.49 8.31197590038696
24800 123.99 8.29133232921232
24900 124.49 8.26730853120758
25000 124.99 8.23277048214618
25100 125.49 8.24239253488297
25200 125.99 8.36021007777104
25300 126.49 8.4411731088776
25400 126.99 8.53803990383967
25500 127.49 8.59023993743089
25600 127.99 8.59830502940409
25700 128.49 8.50752231339441
25800 128.99 8.38370596538103
25900 129.49 8.30142609401689
26000 129.99 8.31822357924684
26100 130.49 8.38388884495522
26200 130.99 8.41687642142798
26300 131.49 8.53990539218574
26400 131.99 8.65563209614282
26500 132.49 8.76082492382029
26600 132.99 8.79777626146427
26700 133.49 8.88577161258189
26800 133.99 8.86651609477315
26900 134.49 8.65720281054064
27000 134.99 8.46361094732402
27100 135.49 8.385959754886
27200 135.99 8.40614835513781
27300 136.49 8.50302577011923
27400 136.99 8.49749998985095
27500 137.49 8.50555133068072
27600 137.99 8.53198535705222
27700 138.49 8.59111335158947
27800 138.99 8.59889497443906
27900 139.49 8.62704335659712
28000 139.99 8.60478166081379
28100 140.49 8.60453156021385
28200 140.99 8.5078545160566
28300 141.49 8.33093150901269
28400 141.99 8.18612034406335
28500 142.49 8.07984056901747
28600 142.99 8.08609488353642
28700 143.49 8.10718394456335
28800 143.99 8.03137527489535
28900 144.49 7.96941047466094
29000 144.99 7.9861596765369
29100 145.49 8.01672819727569
29200 145.99 8.12027060554836
29300 146.49 8.18530005446806
29400 146.99 8.19477642220737
29500 147.49 8.2153703611523
29600 147.99 8.10693045137325
29700 148.49 8.05304764057537
29800 148.99 8.01451736348822
29900 149.49 8.03756805272744
30000 149.99 8.05357048926259
30100 150.49 8.16821675103541
30200 150.99 8.15397172584584
30300 151.49 7.9832609005957
30400 151.99 7.88229053623527
30500 152.49 7.74380675153366
30600 152.99 7.71561841156913
30700 153.49 7.87166597209955
30800 153.99 8.06775187718193
30900 154.49 8.22875640284944
31000 154.99 8.34817513041937
31100 155.49 8.37247085127866
31200 155.99 8.36270809376082
31300 156.49 8.32423196968941
31400 156.99 8.26613820741103
31500 157.49 8.20827793946945
31600 157.99 8.16294839949201
31700 158.49 8.07411590673513
31800 158.99 7.92319231896864
31900 159.49 7.74651295629542
32000 159.99 7.67585451872587
32100 160.49 7.65723843107596
32200 160.99 7.74543895086241
32300 161.49 7.88607853812171
32400 161.99 8.07319454453746
32500 162.49 8.31746722728937
32600 162.99 8.45116073976027
32700 163.49 8.5587704129801
32800 163.99 8.66212087053743
32900 164.49 8.65339899220942
33000 164.99 8.53130781294337
33100 165.49 8.32847938395331
33200 165.99 8.17385448050563
33300 166.49 7.99869374348716
33400 166.99 7.8478718498435
33500 167.49 7.85182451458562
33600 167.99 7.92122595944888
33700 168.49 7.85621219283932
33800 168.99 7.79544895362981
33900 169.49 7.77546806850973
34000 169.99 7.76864112202839
34100 170.49 7.83567120583878
34200 170.99 7.8521642237961
34300 171.49 7.77875983270076
34400 171.99 7.63366365621432
34500 172.49 7.52056349284297
34600 172.99 7.58323224746913
34700 173.49 7.68445916125499
34800 173.99 7.82557807880682
34900 174.49 7.86912339816778
35000 174.99 7.87987331957862
35100 175.49 7.87698055018983
35200 175.99 7.94797853735134
35300 176.49 7.97487410143454
35400 176.99 8.00606161257433
35500 177.49 8.04710569991247
35600 177.99 8.01004021472753
35700 178.49 7.83315242382684
35800 178.99 7.66810327776792
35900 179.49 7.70851921956038
36000 179.99 7.84195951700292
36100 180.49 7.9217535311597
36200 180.99 7.95035758527249
36300 181.49 7.95299083120057
36400 181.99 7.97873705773902
36500 182.49 8.0789877953623
36600 182.99 8.18071866284718
36700 183.49 8.29151480828441
36800 183.99 8.42112494655991
36900 184.49 8.55333248832874
37000 184.99 8.54625468349594
37100 185.49 8.42743597136547
37200 185.99 8.29848080628492
37300 186.49 8.34876787792676
37400 186.99 8.43141094865973
37500 187.49 8.51779204759042
37600 187.99 8.57074175827166
37700 188.49 8.571955827107
37800 188.99 8.53230751808542
37900 189.49 8.61095842786493
38000 189.99 8.68064857574033
38100 190.49 8.70384538320088
38200 190.99 8.75623303811538
38300 191.49 8.74419638997328
38400 191.99 8.64334004841812
38500 192.49 8.55503368844195
38600 192.99 8.47392699523821
38700 193.49 8.481828480962
38800 193.99 8.47610427661613
38900 194.49 8.42001811915817
39000 194.99 8.45790651632459
39100 195.49 8.37115037606408
39200 195.99 8.21648308866275
39300 196.49 8.15739669423568
39400 196.99 8.19207782062274
39500 197.49 8.18503238737639
39600 197.99 8.00759850988771
39700 198.49 7.8828182194137
39800 198.99 7.78567880056241
39900 199.49 7.77625240574335
40000 199.99 7.86806142074437
40100 200.49 7.86536265074695
40200 200.99 7.96928852206029
40300 201.49 8.07359330741695
40400 201.99 8.13289038230108
40500 202.49 8.12876268669602
40600 202.99 8.10717650257297
40700 203.49 8.09706821926791
40800 203.99 7.87301596692462
40900 204.49 7.75535551813421
41000 204.99 7.7796788064099
41100 205.49 7.86015840053958
41200 205.99 7.95879756250196
41300 206.49 7.88802122309841
41400 206.99 7.89866239623716
41500 207.49 8.01562206922211
41600 207.99 8.15011910327284
41700 208.49 8.27117993144666
41800 208.99 8.28480456718522
41900 209.49 8.18209963228744
42000 209.99 8.11103484034368
42100 210.49 8.08156166442856
42200 210.99 8.03836515452407
42300 211.49 8.01775128521845
42400 211.99 8.04921078714106
42500 212.49 8.07414088432685
42600 212.99 8.03471896157753
42700 213.49 7.89486574339084
42800 213.99 7.66890113719233
42900 214.49 7.48085491964241
43000 214.99 7.54045256271819
43100 215.49 7.55644862889568
43200 215.99 7.54350570599888
43300 216.49 7.50892923780613
43400 216.99 7.55365984394096
43500 217.49 7.59070121894822
43600 217.99 7.71254673272653
43700 218.49 7.74049494630488
43800 218.99 7.6365032489231
43900 219.49 7.57135200645109
44000 219.99 7.60064964138962
44100 220.49 7.61367607425474
44200 220.99 7.62722984643231
44300 221.49 7.711566297428
44400 221.99 7.77666520387558
44500 222.49 7.9349707671244
44600 222.99 8.01275947927421
44700 223.49 8.08571593337881
44800 223.99 8.09289755161603
44900 224.49 8.05844190150535
45000 224.99 8.01777557694131
45100 225.49 7.92118593824312
45200 225.99 7.78460693556052
45300 226.49 7.85691161175216
45400 226.99 7.97826608570864
45500 227.49 8.04128998021553
45600 227.99 7.98631288989822
45700 228.49 7.95762974095592
45800 228.99 7.94386803021982
45900 229.49 7.94651883170743
46000 229.99 8.02249320907293
46100 230.49 8.08128984650312
46200 230.99 8.11842513066604
46300 231.49 8.02646094130213
46400 231.99 7.94841900664988
46500 232.49 7.94882694557198
46600 232.99 8.04920096450887
46700 233.49 8.16845474113995
46800 233.99 8.20405646732951
46900 234.49 8.11354967750799
47000 234.99 8.04778801841642
47100 235.49 7.96935748819905
47200 235.99 7.95534099100531
47300 236.49 7.90829583918375
47400 236.99 7.95959440087566
47500 237.49 7.91642659339751
47600 237.99 7.87812653317656
47700 238.49 7.88598978895182
47800 238.99 7.96088538848417
47900 239.49 8.0805093832332
48000 239.99 8.16119014577674
48100 240.49 8.13074765966738
48200 240.99 8.14411170755739
48300 241.49 8.13579385467417
48400 241.99 8.12725891225535
48500 242.49 7.9961033411083
48600 242.99 7.94565409337614
48700 243.49 8.14458495467539
48800 243.99 8.25586289371527
48900 244.49 8.16415070577096
49000 244.99 8.15204512377517
49100 245.49 8.24058972515553
49200 245.99 8.29414007752368
49300 246.49 8.47439157964008
49400 246.99 8.63783141005864
49500 247.49 8.84604391407637
49600 247.99 8.95261356931541
49700 248.49 8.92370200501542
49800 248.99 8.77969457728692
49900 249.49 8.53062058956699
50000 249.99 8.40818160867213
