# Fix print output for fix myfile
100 0.48 4.29544433541828
200 0.98 4.36016411832527
300 1.48 4.52831750456443
400 1.98 4.45550539829441
500 2.48 4.34591171021428
600 2.98 4.28490278639719
700 3.48 4.26078404547877
800 3.98 4.29493107643401
900 4.48 4.28639576835479
1000 4.98 4.47895061339822
1100 5.48 4.53174805841738
1200 5.98 4.51897579117593
1300 6.48 4.37978909897446
1400 6.98 4.3625434468826
1500 7.48 4.25398750033866
1600 7.98 4.33112970239268
1700 8.48 4.46797745668639
1800 8.98 4.51064482597214
1900 9.48 4.45844188759455
2000 9.98 4.41988720286897
2100 10.48 4.31539535351648
2200 10.98 4.20750753842855
2300 11.48 4.37367335298534
2400 11.98 4.39581862581645
2500 12.48 4.26046116444744
2600 12.98 4.23496381320633
2700 13.48 4.35882168679135
2800 13.98 4.42049998522251
2900 14.48 4.42726938165828
3000 14.98 4.42816050770043
3100 15.48 4.43639574983764
3200 15.98 4.55793261681793
3300 16.48 4.5759451663091
3400 16.98 4.57309938228581
3500 17.48 4.4857752761412
3600 17.98 4.27541605412511
3700 18.48 4.19097090125112
3800 18.98 4.23153268644934
3900 19.48 4.16526801013931
4000 19.98 4.05998287169323
4100 20.48 3.95950794952826
4200 20.98 3.88856002034146
4300 21.48 3.92940588700442
4400 21.98 3.93755968783355
4500 22.48 3.90132618867546
4600 22.98 3.87301396417065
4700 23.48 4.15157845385083
4800 23.98 4.14715943406881
4900 24.48 3.93368668518217
5000 24.98 4.08174485109083
5100 25.48 4.36078836718165
5200 25.98 4.6187871948043
5300 26.48 4.56752518266933
5400 26.98 4.50713837825877
5500 27.48 4.28314034425026
5600 27.98 4.11451173383139
5700 28.48 4.12111620841653
5800 28.98 4.13363877593286
5900 29.48 4.1483748167096
6000 29.98 4.30653237451778
6100 30.48 4.28910112972103
6200 30.98 4.16095644897643
6300 31.48 4.27417753089112
6400 31.98 4.6069547488538
6500 32.48 4.62387989828817
6600 32.98 4.41449021831411
6700 33.48 4.29660262213516
6800 33.98 4.24755403191502
6900 34.48 4.33680708267997
7000 34.98 4.52029498451819
7100 35.48 4.51191756052666
7200 35.98 4.54312644951517
7300 36.48 4.64184065725328
7400 36.98 4.55332214315883
7500 37.48 4.42419722910288
7600 37.98 4.4239180372578
7700 38.48 4.3608294940694
7800 38.98 4.4279970403501
7900 39.48 4.53285518186619
8000 39.98 4.53014148530141
8100 40.48 4.38367512492222
8200 40.98 4.2322894596486
8300 41.48 4.0803166407114
8400 41.98 4.05377753876753
8500 42.48 4.16329348960748
8600 42.98 4.23283180342822
8700 43.48 4.40815080297494
8800 43.98 4.53150187473739
8900 44.48 4.59580701358188
9000 44.98 4.35817373279041
9100 45.48 4.15460181662429
9200 45.98 4.22864517824894
9300 46.48 4.22335627393021
9400 46.98 4.10287955953225
9500 47.48 3.83604869846223
9600 47.98 3.77265935978744
9700 48.48 3.94131468799233
9800 48.98 4.19154986560116
9900 49.48 4.11152137924732
10000 49.98 4.10164358884583
10100 50.48 4.3281964352903
10200 50.98 4.48421506096419
10300 51.48 4.47266351012665
10400 51.98 4.35354253646812
10500 52.48 4.23563384483767
10600 52.98 4.21225684867432
10700 53.48 4.20831561821376
10800 53.98 4.30725823147374
10900 54.48 4.48922039566837
11000 54.98 4.37033868701921
11100 55.48 4.33259732246176
11200 55.98 4.41828728997463
11300 56.48 4.39606556206624
11400 56.98 4.31629800886384
11500 57.48 4.1767841785248
11600 57.98 4.2850015384453
11700 58.48 4.39656676666235
11800 58.98 4.47536662012636
11900 59.48 4.55738374630588
12000 59.98 4.54210401953029
12100 60.48 4.36919403136656
12200 60.98 4.12142240392813
12300 61.48 4.06353948479039
12400 61.98 4.27773804771577
12500 62.48 4.50655169193719
12600 62.98 4.56363673847708
12700 63.48 4.36438709670603
12800 63.98 4.27472192807298
12900 64.48 4.35681165017984
13000 64.98 4.35015038478961
13100 65.48 4.33219197073174
13200 65.98 4.36345101203274
13300 66.48 4.17258135139462
13400 66.98 4.14430304645628
13500 67.48 4.41934358916375
13600 67.98 4.49180269851231
13700 68.48 4.45306200816423
13800 68.98 4.4600065466565
13900 69.48 4.52071254956188
14000 69.98 4.52017856964456
14100 70.48 4.44998464694988
14200 70.98 4.33638196521713
14300 71.48 4.34552171134224
14400 71.98 4.35480373988428
14500 72.48 4.28317358265283
14600 72.98 4.18322936440561
14700 73.48 4.27437607213828
14800 73.98 4.45779386054185
14900 74.48 4.41763388178661
15000 74.98 4.21995460382308
15100 75.48 4.25085678526162
15200 75.98 4.2205851350551
15300 76.48 4.34249502221008
15400 76.98 4.38791101437928
15500 77.48 4.35617058630182
15600 77.98 4.25478721045711
15700 78.48 4.1287652709888
15800 78.98 4.10545702217226
15900 79.48 4.0335988980392
16000 79.98 3.87316668103043
16100 80.48 3.76891658067151
16200 80.98 3.74006096271373
16300 81.48 3.73137094735164
16400 81.98 3.66957898488571
16500 82.48 3.58470157228718
16600 82.98 3.53518789627988
16700 83.48 3.74364981589469
16800 83.98 4.01540875381924
16900 84.48 4.09225016274417
17000 84.98 4.04332803578711
17100 85.48 3.85834201402058
17200 85.98 3.70286988353028
17300 86.48 3.76662906400274
17400 86.98 3.92365994959949
17500 87.48 3.99435184776834
17600 87.98 4.13815857339955
17700 88.48 4.14699326907335
17800 88.98 4.0007292737943
17900 89.48 3.86914233806769
18000 89.98 3.76721888272414
18100 90.48 3.7924178790107
18200 90.98 4.02390391870173
18300 91.48 4.0684890468178
18400 91.98 3.83358993405756
18500 92.48 3.76237843477241
18600 92.98 3.74389242335682
18700 93.48 3.74805239561592
18800 93.98 3.62419858729881
18900 94.48 3.57159157455223
19000 94.98 3.84462183696602
19100 95.48 4.05023872098661
19200 95.98 4.00895267985126
19300 96.48 3.92722454894472
19400 96.98 3.96294150697242
19500 97.48 3.99352491905149
19600 97.98 3.98586682564443
19700 98.48 4.11927703337959
19800 98.98 4.09736956266661
19900 99.48 4.00890952112895
20000 99.98 3.90560390586028
20100 100.48 3.91204835315258
20200 100.98 4.12521901376631
20300 101.48 4.18423929522873
20400 101.98 4.03421555033883
20500 102.48 4.12276226153004
20600 102.98 4.28218550723357
20700 103.48 4.42005551201744
20800 103.98 4.45578432463791
20900 104.48 4.55495112790885
21000 104.98 4.70167363625296
21100 105.48 4.80680745140279
21200 105.98 4.67690458136694
21300 106.48 4.30937394526532
21400 106.98 4.20704301604196
21500 107.48 4.27599588882344
21600 107.98 4.33760973546657
21700 108.48 4.33132405343309
21800 108.98 4.30831338031729
21900 109.48 4.30811016764882
22000 109.98 4.34109866732205
22100 110.48 4.36333108177387
22200 110.98 4.32019501627764
22300 111.48 4.27668121377383
22400 111.98 4.37795515602996
22500 112.48 4.55165281747779
22600 112.98 4.58192525535739
22700 113.48 4.44324852452211
22800 113.98 4.34291673371545
22900 114.48 4.41237168268515
23000 114.98 4.45240723396236
23100 115.48 4.45668575765206
23200 115.98 4.48479994986308
23300 116.48 4.24282904849028
23400 116.98 4.18703401336626
23500 117.48 4.41533866803905
23600 117.98 4.70694529550159
23700 118.48 4.81872561402457
23800 118.98 4.74666906115263
23900 119.48 4.4272559529132
24000 119.98 4.2127691608386
24100 120.48 4.22560363556033
24200 120.98 4.3122586397908
24300 121.48 4.39507633231008
24400 121.98 4.39871408465509
24500 122.48 4.44820317832721
24600 122.98 4.33388814163837
24700 123.48 4.5415865404207
24800 123.98 4.69198351138712
24900 124.48 4.60337101024925
25000 124.98 4.2622421587288
25100 125.48 4.06010599728546
25200 125.98 4.21645806790734
25300 126.48 4.46747635901664
25400 126.98 4.39830763163242
25500 127.48 4.36532552716053
25600 127.98 4.40108167300693
25700 128.48 4.52718153585475
25800 128.98 4.44328575623968
25900 129.48 4.29156500241634
26000 129.98 4.10198405566006
26100 130.48 4.06349525641858
26200 130.98 4.02611869608641
26300 131.48 4.07151581077851
26400 131.98 3.86852011842215
26500 132.48 3.88379241949916
26600 132.98 4.1899870610652
26700 133.48 4.46790955685892
26800 133.98 4.35995510115748
26900 134.48 4.19757589461765
27000 134.98 4.24609543093729
27100 135.48 4.15709425035359
27200 135.98 4.26055445344453
27300 136.48 4.40163797283273
27400 136.98 4.57788468862067
27500 137.48 4.61807490906798
27600 137.98 4.56900039796407
27700 138.48 4.53196341781737
27800 138.98 4.46368943469496
27900 139.48 4.4037428530754
28000 139.98 4.63424527972781
28100 140.48 4.84178953277176
28200 140.98 4.74241712231362
28300 141.48 4.45776184927089
28400 141.98 4.41006302752773
28500 142.48 4.45846833995879
28600 142.98 4.62776818594935
28700 143.48 4.49615416615335
28800 143.98 4.40064469851024
28900 144.48 4.29029797240985
29000 144.98 4.35910688517884
29100 145.48 4.18078532329869
29200 145.98 3.98440984713766
29300 146.48 3.95439627565389
29400 146.98 4.03786875584125
29500 147.48 4.09218438939257
29600 147.98 4.02959811781261
29700 148.48 3.91533813523422
29800 148.98 3.76596825756486
29900 149.48 3.83892499882443
30000 149.98 3.97785868177054
30100 150.48 4.06268456188014
30200 150.98 4.12942775642402
30300 151.48 4.14603991045349
30400 151.98 3.97922986452672
30500 152.48 3.90224641589356
30600 152.98 3.83251249487607
30700 153.48 3.84859457009104
30800 153.98 4.01371663100107
30900 154.48 4.07726780181787
31000 154.98 3.96920282034179
31100 155.48 3.92908035811088
31200 155.98 4.0158779572078
31300 156.48 4.10436791094526
31400 156.98 4.03578467190187
31500 157.48 4.12523325407953
31600 157.98 4.15900144958302
31700 158.48 4.12348869343651
31800 158.98 4.33456429060804
31900 159.48 4.49507958533267
32000 159.98 4.36956691622205
32100 160.48 4.19962108575127
32200 160.98 4.01402915626846
32300 161.48 4.15136325314629
32400 161.98 4.29862208554184
32500 162.48 4.35047831357597
32600 162.98 4.41295876826675
32700 163.48 4.22677133217734
32800 163.98 4.05353206529093
32900 164.48 4.17677126503632
33000 164.98 4.49001910747792
33100 165.48 4.69804620847274
33200 165.98 4.59666617924822
33300 166.48 4.55960183604667
33400 166.98 4.27082881838395
33500 167.48 4.00017577412161
33600 167.98 3.97974797145475
33700 168.48 4.26890246531068
33800 168.98 4.3770042633968
33900 169.48 4.11112911821708
34000 169.98 3.90606244933855
34100 170.48 3.8844177177594
34200 170.98 3.81144237182972
34300 171.48 3.81999355495916
34400 171.98 3.97615726916578
34500 172.48 4.03703089777149
34600 172.98 3.82599860104071
34700 173.48 3.78625323546749
34800 173.98 3.7610093204706
34900 174.48 3.83826578843538
35000 174.98 3.7689241909186
35100 175.48 3.81510169428143
35200 175.98 3.79926668613303
35300 176.48 3.64103792406513
35400 176.98 3.7027791893623
35500 177.48 3.84614751001928
35600 177.98 3.8319140753985
35700 178.48 3.96142761916902
35800 178.98 4.21207288016041
35900 179.48 4.27833601632609
36000 179.98 4.19544382363619
36100 180.48 4.12944227309197
36200 180.98 4.24443693834011
36300 181.48 4.32600120465185
36400 181.98 4.412829807904
36500 182.48 4.47931588562802
36600 182.98 4.48670444129634
36700 183.48 4.38224135333275
36800 183.98 4.32103548350262
36900 184.48 4.33994897269675
37000 184.98 4.318774300208
37100 185.48 4.359928533577
37200 185.98 4.23086132943191
37300 186.48 4.10417941552431
37400 186.98 4.12354987293932
37500 187.48 4.06432316922237
37600 187.98 4.05027141076763
37700 188.48 4.09503733929771
37800 188.98 4.03417255892128
37900 189.48 4.0511737018613
38000 189.98 4.14576453379937
38100 190.48 4.24247378241418
38200 190.98 4.18735415083857
38300 191.48 4.10884421992964
38400 191.98 4.11310915869736
38500 192.48 4.22492526958524
38600 192.98 4.13770084233802
38700 193.48 4.06478320077086
38800 193.98 4.05808181209973
38900 194.48 4.20553164765251
39000 194.98 4.45370183815452
39100 195.48 4.67544575970391
39200 195.98 4.66662746861235
39300 196.48 4.50463921678229
39400 196.98 4.37454971584938
39500 197.48 4.3071400154443
39600 197.98 4.38900151508947
39700 198.48 4.51006366163338
39800 198.98 4.47664007052685
39900 199.48 4.24429506180528
40000 199.98 4.14905597944917
40100 200.48 4.21654691693958
40200 200.98 4.31468536634772
40300 201.48 4.46949392742062
40400 201.98 4.55832075686672
40500 202.48 4.46156718519016
40600 202.98 4.20089645627627
40700 203.48 4.23898941044175
40800 203.98 4.44733223008306
40900 204.48 4.58755407024213
41000 204.98 4.48786208443822
41100 205.48 4.42160660617985
41200 205.98 4.51819640643543
41300 206.48 4.73051033847236
41400 206.98 4.82529081346213
41500 207.48 4.71747277859878
41600 207.98 4.45230194319607
41700 208.48 4.12688423023214
41800 208.98 3.9653523978797
41900 209.48 3.88244446592372
42000 209.98 3.72319181319763
42100 210.48 3.71083318558466
42200 210.98 3.85067606048754
42300 211.48 3.87676538479244
42400 211.98 4.10843754547258
42500 212.48 4.25347027018367
42600 212.98 4.0821561436282
42700 213.48 3.95268302736857
42800 213.98 4.10479760067316
42900 214.48 4.13275090690963
43000 214.98 4.0170743848689
43100 215.48 4.03726090191665
43200 215.98 3.99291139825016
43300 216.48 4.09360876301883
43400 216.98 4.24638289618615
43500 217.48 4.20615378245534
43600 217.98 4.15351711749659
43700 218.48 4.24714016733562
43800 218.98 4.40884082577622
43900 219.48 4.5974055755857
44000 219.98 4.65096537612398
44100 220.48 4.56751242336089
44200 220.98 4.38398597414112
44300 221.48 4.25656269945995
44400 221.98 4.12937416766843
44500 222.48 4.0865461790024
44600 222.98 3.9252062379642
44700 223.48 3.82243551852407
44800 223.98 3.81448844481649
44900 224.48 4.07658113053969
45000 224.98 4.32779016365588
45100 225.48 4.36369696995187
45200 225.98 4.29611606425847
45300 226.48 4.34828969238947
45400 226.98 4.16628244857859
45500 227.48 4.09153021315973
45600 227.98 4.11840071903546
45700 228.48 4.08081836758833
45800 228.98 3.95337181154082
45900 229.48 4.10938781240064
46000 229.98 4.15137595612517
46100 230.48 4.08794603295163
46200 230.98 4.12562399835477
46300 231.48 4.18215404839573
46400 231.98 4.11333140925137
46500 232.48 4.19894453493251
46600 232.98 4.22091331908775
46700 233.48 4.42721923061076
46800 233.98 4.46963249334123
46900 234.48 4.4359374918069
47000 234.98 4.29199483777588
47100 235.48 4.22785245357183
47200 235.98 4.29465388464039
47300 236.48 4.42968712183517
47400 236.98 4.458851535405
47500 237.48 4.49881975835894
47600 237.98 4.49492510067832
47700 238.48 4.35887450817736
47800 238.98 4.43283342863596
47900 239.48 4.53477258933821
48000 239.98 4.53088363286382
48100 240.48 4.43265561726328
48200 240.98 4.31899110856841
48300 241.48 4.22426404042916
48400 241.98 4.30640307108217
48500 242.48 4.39814657240077
48600 242.98 4.29958621557577
48700 243.48 4.33526531860622
48800 243.98 4.37937271792224
48900 244.48 4.37521710318466
49000 244.98 4.29893278871545
49100 245.48 4.4628177892547
49200 245.98 4.6031777674684
49300 246.48 4.38843867381448
49400 246.98 4.12957725017449
49500 247.48 4.16690922317743
49600 247.98 4.41044769676494
49700 248.48 4.40352415049387
49800 248.98 4.27391856236616
49900 249.48 4.29730487373193
50000 249.98 4.23943513192689
