# Fix print output for fix mymsdfile
600 0.445 7.33293194722573
700 0.945 7.21173574426288
800 1.445 7.09730697714314
900 1.945 7.03292847795021
1000 2.445 7.02261288064692
1100 2.945 7.03706638662388
1200 3.445 6.97711045727819
1300 3.945 6.9060834652008
1400 4.445 6.94393521022216
1500 4.945 6.88862930684241
1600 5.445 6.68300074535409
1700 5.945 6.45049362656395
1800 6.445 6.33596449570453
1900 6.945 6.34552356056196
2000 7.445 6.27675375226615
2100 7.945 6.21181159919978
2200 8.445 6.17211734169886
2300 8.945 6.21483548819693
2400 9.445 6.31762107480376
2500 9.945 6.54467824854582
2600 10.445 6.55728179311217
2700 10.945 6.50327436682618
2800 11.445 6.38913739053913
2900 11.945 6.33358929619194
3000 12.445 6.3896954242592
3100 12.945 6.39202487483315
3200 13.445 6.30332889949629
3300 13.945 6.2263508591854
3400 14.445 6.10358524277399
3500 14.945 6.04382319974781
3600 15.445 6.04093988062527
3700 15.945 5.96626124378799
3800 16.445 5.84072622222753
3900 16.945 5.72329047263299
4000 17.445 5.70252972532476
4100 17.945 5.62883191024721
4200 18.445 5.67585852527627
4300 18.945 5.71092820121949
4400 19.445 5.70746656315814
4500 19.945 5.72728888451707
4600 20.445 5.83557633634744
4700 20.945 5.88872581557804
4800 21.445 5.93717894250515
4900 21.945 5.88293440227896
5000 22.445 5.78489718431589
5100 22.945 5.75892381468996
5200 23.445 5.67063754570523
5300 23.945 5.61686698724669
5400 24.445 5.60778376660337
5500 24.945 5.67060578842762
5600 25.445 5.73211368437379
5700 25.945 5.79609255857456
5800 26.445 5.90003890284399
5900 26.945 5.93154522225532
6000 27.445 5.84540778535146
6100 27.945 5.84804654939182
6200 28.445 5.82528637962717
6300 28.945 5.85876305939121
6400 29.445 5.90289328275273
6500 29.945 6.04869340144791
6600 30.445 6.13138574366298
6700 30.945 6.07663925502415
6800 31.445 6.09173289446517
6900 31.945 6.16844422530311
7000 32.445 6.17676832773368
7100 32.945 6.09354007475232
7200 33.445 6.00465849294926
7300 33.945 5.90096487306352
7400 34.445 5.8170869838874
7500 34.945 5.77917795841048
7600 35.445 5.71647076792316
7700 35.945 5.65303359919002
7800 36.445 5.8173149853872
7900 36.945 6.07470435267745
8000 37.445 6.29503983098017
8100 37.945 6.4809462985457
8200 38.445 6.53627653690411
8300 38.945 6.60340731283688
8400 39.445 6.64926333007176
8500 39.945 6.69410403338066
8600 40.445 6.77794139846147
8700 40.945 6.80790921495107
8800 41.445 6.78617026808876
8900 41.945 6.66875873963353
9000 42.445 6.61888503766062
9100 42.945 6.61443579888175
9200 43.445 6.5115834892451
9300 43.945 6.33639891846539
9400 44.445 6.28602504103074
9500 44.945 6.37161286500467
9600 45.445 6.58926919930245
9700 45.945 6.74371128249912
9800 46.445 6.7822035289885
9900 46.945 6.74946428013397
10000 47.445 6.8432825118927
10100 47.945 6.91036272894013
10200 48.445 6.88295525641693
10300 48.945 6.96231075773889
10400 49.445 7.02992054125628
10500 49.945 7.03395286421178
10600 50.445 7.17751523130241
10700 50.945 7.13346066999347
10800 51.445 6.9825035522681
10900 51.945 6.9476786851702
11000 52.445 7.03873897870835
11100 52.945 7.18627914408176
11200 53.445 7.21570806204792
11300 53.945 7.21899044996133
11400 54.445 7.30160490090828
11500 54.945 7.17368072289806
11600 55.445 7.08614556253642
11700 55.945 6.96149633270585
11800 56.445 6.88749855701892
11900 56.945 6.81093326827472
12000 57.445 6.91855383420359
12100 57.945 6.97369581590053
12200 58.445 6.9247267016382
12300 58.945 6.86435605987893
12400 59.445 6.79099088341001
12500 59.945 6.66506842954804
12600 60.445 6.57606977587987
12700 60.945 6.58400877568836
12800 61.445 6.67153527344526
12900 61.945 6.74178843143344
13000 62.445 6.77398776662503
13100 62.945 6.91708494281448
13200 63.445 7.1930485334795
13300 63.945 7.36921344028408
13400 64.445 7.29411169300759
13500 64.945 7.0260724418432
13600 65.445 6.75687832713836
13700 65.945 6.69517506085824
13800 66.445 6.7147835626012
13900 66.945 6.7705228542091
14000 67.445 6.82005386397794
14100 67.945 6.86735025481188
14200 68.445 6.79719852635816
14300 68.945 6.89444648820816
14400 69.445 7.09458915982698
14500 69.945 7.33940993942429
14600 70.445 7.47449959231545
14700 70.945 7.68751549813354
14800 71.445 7.86975942230518
14900 71.945 7.94205109167308
15000 72.445 7.84213763718795
15100 72.945 7.71799061057478
15200 73.445 7.71328451696559
15300 73.945 7.62535478503887
15400 74.445 7.49108693442468
15500 74.945 7.43206583827645
15600 75.445 7.34600441704187
15700 75.945 7.24319886223797
15800 76.445 7.10377722144702
15900 76.945 6.93208789754993
16000 77.445 6.82824505008601
16100 77.945 6.72650938853787
16200 78.445 6.55917744712132
16300 78.945 6.60921373989007
16400 79.445 6.72162060737148
16500 79.945 6.68231869474699
16600 80.445 6.7727903364867
16700 80.945 6.86198757889292
16800 81.445 6.86362321111908
16900 81.945 6.75715210310255
17000 82.445 6.69179413121808
17100 82.945 6.72653159160337
17200 83.445 6.6253341233889
17300 83.945 6.47271787902888
17400 84.445 6.38190580544321
17500 84.945 6.38236693829634
17600 85.445 6.47607806617866
17700 85.945 6.61515235681116
17800 86.445 6.52767435195598
17900 86.945 6.35356658858561
18000 87.445 6.32421000357232
18100 87.945 6.39497905402552
18200 88.445 6.44095894194263
18300 88.945 6.41503294940176
18400 89.445 6.43431231690368
18500 89.945 6.505285941772
18600 90.445 6.51742115101025
18700 90.945 6.58741853792435
18800 91.445 6.56583536866252
18900 91.945 6.49114929983109
19000 92.445 6.48664154658703
19100 92.945 6.58746106745727
19200 93.445 6.71371150254027
19300 93.945 6.6330895621241
19400 94.445 6.47708279292213
19500 94.945 6.37109222222852
19600 95.445 6.22402440013299
19700 95.945 6.17121601965426
19800 96.445 6.09575161426763
19900 96.945 6.10712613286153
20000 97.445 6.18990145719217
20100 97.945 6.23284063917092
20200 98.445 6.14306083764193
20300 98.945 6.12157242877326
20400 99.445 6.29414555819788
20500 99.945 6.29020434664876
20600 100.445 6.30541315439201
20700 100.945 6.30916267755555
20800 101.445 6.28612883131813
20900 101.945 6.34942826681475
21000 102.445 6.54839532533906
21100 102.945 6.77520982348969
21200 103.445 6.81709674831569
21300 103.945 6.75817552601796
21400 104.445 6.77641922412983
21500 104.945 6.67951210863507
21600 105.445 6.58184887750972
21700 105.945 6.57769715205677
21800 106.445 6.66397908234667
21900 106.945 6.76396373660324
22000 107.445 6.82917430908278
22100 107.945 6.92066009743316
22200 108.445 6.89299721018005
22300 108.945 6.79757394299188
22400 109.445 6.71317625219548
22500 109.945 6.6444553151751
22600 110.445 6.62209202182026
22700 110.945 6.60043153522361
22800 111.445 6.67667648218854
22900 111.945 6.60921634667591
23000 112.445 6.37671980769221
23100 112.945 6.31822705016652
23200 113.445 6.32437038901297
23300 113.945 6.31643657785017
23400 114.445 6.36732139988083
23500 114.945 6.40483547568431
23600 115.445 6.49116127707779
23700 115.945 6.67112274009986
23800 116.445 6.83215673490632
23900 116.945 6.78962468406406
24000 117.445 6.69602695470954
24100 117.945 6.6129865730683
24200 118.445 6.49440322044118
24300 118.945 6.42095133623078
24400 119.445 6.37400473374685
24500 119.945 6.38855246083085
24600 120.445 6.35766786993432
24700 120.945 6.27095135492751
24800 121.445 6.18287079969565
24900 121.945 6.03985431284994
25000 122.445 5.99839875693502
25100 122.945 5.91969999773404
25200 123.445 5.89303545185654
25300 123.945 5.84159330564215
25400 124.445 5.78752988338009
25500 124.945 5.86113832093181
25600 125.445 6.04215029461206
25700 125.945 6.16491411353536
25800 126.445 6.07129117194729
25900 126.945 5.97786982732542
26000 127.445 6.0121637740662
26100 127.945 6.16081226369183
26200 128.445 6.29059148402622
26300 128.945 6.23857260275809
26400 129.445 5.98861341036555
26500 129.945 5.89187993266743
26600 130.445 5.80361357959832
26700 130.945 5.61757540462175
26800 131.445 5.64404506139869
26900 131.945 5.73771962139929
27000 132.445 5.87502427719397
27100 132.945 6.00219553587956
27200 133.445 6.23720710313387
27300 133.945 6.36625009606218
27400 134.445 6.50107355099165
27500 134.945 6.59512398364336
27600 135.445 6.58026714630663
27700 135.945 6.64357500052825
27800 136.445 6.69393230716018
27900 136.945 6.61231423646158
28000 137.445 6.45977082339623
28100 137.945 6.49131083669019
28200 138.445 6.68689130678733
28300 138.945 6.70770693594772
28400 139.445 6.70820387617094
28500 139.945 6.73613673219925
28600 140.445 6.8636441671741
28700 140.945 6.95527553542176
28800 141.445 6.96335472942071
28900 141.945 7.01488993457272
29000 142.445 7.0326769417657
29100 142.945 7.03263993815283
29200 143.445 7.07603854044024
29300 143.945 7.01564501747964
29400 144.445 7.04922033686316
29500 144.945 7.22868165819872
29600 145.445 7.32703938569292
29700 145.945 7.34685538662418
29800 146.445 7.38745369333804
29900 146.945 7.30793707522891
30000 147.445 7.31837733466038
30100 147.945 7.22604799202768
30200 148.445 7.18257529431512
30300 148.945 7.07548064719031
30400 149.445 7.01103148751971
30500 149.945 7.14846195639362
30600 150.445 7.30532456865116
30700 150.945 7.2831196415868
30800 151.445 7.36905664355524
30900 151.945 7.40497228928922
31000 152.445 7.4564400748297
31100 152.945 7.42421498139218
31200 153.445 7.25488376384472
31300 153.945 7.30336810559365
31400 154.445 7.46407705000797
31500 154.945 7.43874012653308
31600 155.445 7.32849797881277
31700 155.945 7.34647582044793
31800 156.445 7.4339275615978
31900 156.945 7.44580938130887
32000 157.445 7.34271946886212
32100 157.945 7.39953297501259
32200 158.445 7.41210278128168
32300 158.945 7.35946774710168
32400 159.445 7.34508235891767
32500 159.945 7.36413235866618
32600 160.445 7.32841569429999
32700 160.945 7.24133454769355
32800 161.445 7.20025402715257
32900 161.945 7.13160282396536
33000 162.445 6.97060473708179
33100 162.945 6.86308620056722
33200 163.445 6.76918829002975
33300 163.945 6.78621931079436
33400 164.445 6.85074244392868
33500 164.945 6.81780398891034
33600 165.445 6.72504882563524
33700 165.945 6.63599748794214
33800 166.445 6.6517652610676
33900 166.945 6.77999471241762
34000 167.445 6.78022652023683
34100 167.945 6.72820092774169
34200 168.445 6.71735876734498
34300 168.945 6.85675721114389
34400 169.445 6.89150895655872
34500 169.945 6.68702167626929
34600 170.445 6.58835944912538
34700 170.945 6.549695713214
34800 171.445 6.53159846119733
34900 171.945 6.59974170257569
35000 172.445 6.6934578605873
35100 172.945 6.75770140532266
35200 173.445 6.80458914146396
35300 173.945 6.9048596644072
35400 174.445 6.99694605800453
35500 174.945 7.05049702143804
35600 175.445 7.14218540910401
35700 175.945 7.18402577207579
35800 176.445 7.3056332101391
35900 176.945 7.40211146583914
36000 177.445 7.58587799106534
36100 177.945 7.67305921986036
36200 178.445 7.67148432225393
36300 178.945 7.65862914025455
36400 179.445 7.56919398464837
36500 179.945 7.42589961571324
36600 180.445 7.2909482325982
36700 180.945 7.30807605910351
36800 181.445 7.44798740010004
36900 181.945 7.56361809481818
37000 182.445 7.51694589568285
37100 182.945 7.5110322124194
37200 183.445 7.44436786266066
37300 183.945 7.42146778798886
37400 184.445 7.51275642964019
37500 184.945 7.52797437023709
37600 185.445 7.44823067624371
37700 185.945 7.53198023857437
37800 186.445 7.54489239298267
37900 186.945 7.53618299402309
38000 187.445 7.59226666695216
38100 187.945 7.75600080499187
38200 188.445 7.87883073281701
38300 188.945 7.75554016562276
38400 189.445 7.67306883039206
38500 189.945 7.65927095227839
38600 190.445 7.73925628437349
38700 190.945 7.77986688591537
38800 191.445 7.75913422911268
38900 191.945 7.68738268857592
39000 192.445 7.64054345129616
39100 192.945 7.65813671402671
39200 193.445 7.64442759421195
39300 193.945 7.65376986817587
39400 194.445 7.71405165360171
39500 194.945 7.78213131231402
39600 195.445 7.73033316663776
39700 195.945 7.67853137033729
39800 196.445 7.59528745380157
39900 196.945 7.4819377771918
40000 197.445 7.38575716475561
40100 197.945 7.24044159140897
40200 198.445 7.31625902922209
40300 198.945 7.29637959554784
40400 199.445 7.306941528439
40500 199.945 7.23805086060903
40600 200.445 7.11027274041547
40700 200.945 7.10772901696465
40800 201.445 6.98634157537171
40900 201.945 6.98424517323479
41000 202.445 7.09652467321584
41100 202.945 7.08584040156975
41200 203.445 7.01635574844551
41300 203.945 6.86011099945245
41400 204.445 6.68018660354313
41500 204.945 6.5714013767087
41600 205.445 6.4211760276371
41700 205.945 6.16976035519151
41800 206.445 6.10432532153676
41900 206.945 6.01158641711289
42000 207.445 6.00935089817481
42100 207.945 5.87888391460789
42200 208.445 5.85616001257353
42300 208.945 5.91536662904874
42400 209.445 5.95363514431792
42500 209.945 5.96788064610728
42600 210.445 6.02423509528372
42700 210.945 6.0741682415
42800 211.445 6.07841716871432
42900 211.945 6.05794562688919
43000 212.445 6.10591388685707
43100 212.945 6.14969566445766
43200 213.445 6.28397946651399
43300 213.945 6.58396456203325
43400 214.445 6.87837672651025
43500 214.945 7.16498450716446
43600 215.445 7.22826042311672
43700 215.945 7.16253408486454
43800 216.445 7.16126631310616
43900 216.945 7.29465944621313
44000 217.445 7.44281137066197
44100 217.945 7.43363388166485
44200 218.445 7.3229760575866
44300 218.945 7.22969109756862
44400 219.445 7.23733512225793
44500 219.945 7.24854303851604
44600 220.445 7.31341139206167
44700 220.945 7.34412927807049
44800 221.445 7.26379069252297
44900 221.945 7.24474811986397
45000 222.445 7.27935016727951
45100 222.945 7.28523064494777
45200 223.445 7.24649008615879
45300 223.945 7.175430236312
45400 224.445 7.13090494847704
45500 224.945 6.90935959877875
45600 225.445 6.62365828300283
45700 225.945 6.38991288414639
45800 226.445 6.41803566983832
45900 226.945 6.37644522956657
46000 227.445 6.28329006642644
46100 227.945 6.09634874224072
46200 228.445 6.02961310393228
46300 228.945 6.11084619904638
46400 229.445 6.20339962475945
46500 229.945 6.28394977672227
46600 230.445 6.31635626584023
46700 230.945 6.30876882755623
46800 231.445 6.30623757372534
46900 231.945 6.31874028354202
47000 232.445 6.28687942567168
47100 232.945 6.33899973340961
47200 233.445 6.37792423968889
47300 233.945 6.35026637410912
47400 234.445 6.481974248931
47500 234.945 6.53948833554331
47600 235.445 6.59665267972307
47700 235.945 6.58963235922408
47800 236.445 6.64891189647852
47900 236.945 6.63903863221718
48000 237.445 6.62891587085715
48100 237.945 6.69642713082158
48200 238.445 6.73706268173893
48300 238.945 6.74648512088704
48400 239.445 6.71913184064354
48500 239.945 6.75344772772054
48600 240.445 6.73526787557389
48700 240.945 6.56826324908554
48800 241.445 6.47536124320198
48900 241.945 6.52313718892921
49000 242.445 6.49848859583352
49100 242.945 6.33001262025091
49200 243.445 6.19529541332016
49300 243.945 6.15234869197609
49400 244.445 6.13765624704244
49500 244.945 6.07925579313375
49600 245.445 6.12600298736774
49700 245.945 6.14436753916637
49800 246.445 6.21166486286021
49900 246.945 6.20781054433546
50000 247.445 6.15424649413897
50100 247.945 6.10982977707364
50200 248.445 6.01836548304895
50300 248.945 5.86948223611831
50400 249.445 5.92631502529929
50500 249.945 5.96825317957718
